1 45 42 32 3 16 39 2 20 -1
2 45 14 17 6 38 53 33 39 15 40 44 43 48 59 -1
3 45 5 56 55 26 43 7 58 54 40 13 2 20 37 36 -1
4 45 46 43 51 37 49 20 2 44 59 9 10 34 39 18 26 -1
5 33 32 50 21 29 35 47 23 46 15 -1
6 12 57 15 9 51 21 10 8 58 38 35 28 40 17 -1
7 33 9 24 56 43 59 32 46 23 48 28 1 53 42 58 21 29 13 11 5 -1
8 13 39 20 2 4 43 54 46 36 30 -1
9 3 47 24 42 19 14 21 1 29 23 60 56 32 28 2 36 25 18 -1
10 25 26 37 18 60 50 44 10 54 30 58 -1
11 57 19 52 22 14 17 55 30 53 24 40 3 37 42 -1
12 15 40 33 9 28 56 31 6 22 60 24 38 -1
13 24 1 18 51 25 9 17 59 39 46 48 52 38 15 45 20 5 12 -1
14 48 22 37 32 50 36 16 42 44 51 5 59 -1
15 45 54 50 14 58 20 55 48 21 34 33 47 16 17 35 2 46 5 22 7 -1
16 36 41 19 29 16 12 51 58 5 35 -1
17 29 28 10 18 25 60 42 44 30 7 45 -1
18 39 54 11 33 36 18 2 43 25 9 37 56 47 -1
19 30 31 33 9 20 16 34 26 58 1 -1
20 4 8 41 49 -1
-1
