1 87 51 10 38 41 76 11 58 45 35 61 70 56 83 85 66 18 91 57 28 2 100 90 29 -1
2 80 68 54 43 93 89 91 84 10 41 47 44 42 27 -1
3 28 95 82 67 55 9 20 58 12 19 22 31 25 83 -1
4 100 20 81 84 23 1 -1
5 25 1 61 80 4 94 79 29 37 78 76 14 77 -1
6 94 17 91 8 90 53 24 13 39 98 1 45 78 40 51 62 74 97 -1
7 15 95 65 94 18 83 41 30 36 -1
8 27 62 96 26 85 40 99 14 -1
9 30 75 41 79 78 95 45 84 6 -1
10 95 31 64 33 57 68 15 100 77 84 44 69 18 39 32 58 7 67 96 -1
11 18 48 13 44 15 43 53 95 36 94 5 4 86 17 98 62 78 77 -1
12 63 18 9 68 75 2 71 81 59 92 15 99 55 94 21 -1
13 26 33 1 44 74 23 19 84 45 3 89 67 76 56 54 94 36 -1
14 15 76 86 88 78 44 84 46 -1
15 95 27 50 19 31 83 65 90 20 10 58 34 68 84 53 51 40 54 67 98 24 76 -1
16 1 23 89 42 50 31 38 83 61 82 90 74 13 26 -1
17 96 7 61 30 41 99 68 91 1 45 53 90 34 14 93 22 63 57 85 75 -1
18 20 98 35 64 10 82 29 24 59 38 54 74 46 31 22 -1
19 68 84 63 39 85 31 46 93 26 51 27 13 14 78 -1
20 77 99 47 87 24 29 18 34 10 8 62 51 97 12 45 27 83 71 14 22 85 -1
21 30 36 97 16 74 77 54 53 42 91 65 67 80 100 40 4 24 11 60 -1
22 34 29 57 33 59 91 51 54 44 -1
23 77 40 36 1 63 19 -1
24 41 94 47 48 90 53 62 27 -1
25 96 34 3 84 95 80 52 23 79 100 13 98 81 40 82 22 55 89 35 74 61 8 64 -1
26 46 71 98 95 72 56 88 43 10 85 65 39 50 33 45 93 73 52 41 -1
27 9 7 60 47 19 43 86 78 94 93 62 34 21 1 73 4 -1
28 26 10 86 12 69 4 31 59 63 5 88 22 30 53 40 72 29 17 3 -1
29 34 16 49 92 94 38 52 13 72 71 44 17 73 95 62 60 78 -1
30 18 51 69 15 20 10 59 60 95 47 17 48 62 88 25 63 5 91 67 43 -1
31 54 86 90 50 51 22 81 55 3 25 33 16 80 4 48 27 -1
32 57 15 13 29 68 46 88 30 90 47 42 38 69 92 3 51 55 12 93 -1
33 5 33 42 83 38 44 77 79 56 100 3 52 73 13 67 84 7 37 14 1 88 70 -1
34 92 72 12 46 82 7 27 34 -1
35 5 78 43 91 58 64 81 57 69 61 98 46 28 76 -1
36 6 32 49 66 -1
-1
