1 10 118 39 133 112 37 86 94 140 61 137 60 45 91 78 138 74 141 100 132 32 20 48 128 9 73 90 80 69 11 55 -1
2 130 50 3 56 126 6 111 40 99 101 114 2 103 142 13 -1
3 1 87 5 18 114 74 46 105 2 129 11 117 21 -1
4 40 81 31 28 131 137 77 150 8 136 117 99 95 -1
5 6 21 80 5 87 143 107 42 136 95 50 3 85 38 52 17 -1
6 84 114 105 3 17 124 118 65 12 49 60 -1
7 94 145 119 95 50 87 30 93 124 134 40 106 108 107 73 140 125 54 133 51 66 55 34 19 9 33 25 48 82 137 15 16 90 -1
8 61 36 92 60 34 102 9 55 103 90 136 40 96 43 26 66 76 47 135 15 69 -1
9 3 83 22 138 95 31 66 72 -1
10 145 149 8 89 52 124 74 103 -1
11 33 141 89 43 3 93 30 107 16 74 46 26 130 133 28 137 66 94 -1
12 140 42 121 90 109 51 27 9 97 25 124 41 72 29 78 68 17 104 40 131 37 132 19 75 141 88 133 13 146 -1
13 124 30 82 99 11 108 81 28 44 37 139 144 125 83 36 48 145 68 3 13 55 69 103 150 126 -1
14 121 13 80 25 64 104 74 85 86 33 147 46 61 97 60 48 144 28 -1
15 107 104 89 117 73 68 34 33 45 25 23 130 91 -1
16 84 25 32 13 11 16 130 64 118 -1
17 82 47 38 108 40 85 107 129 112 135 117 144 99 35 110 94 -1
18 106 79 70 140 125 77 40 145 83 121 15 119 55 110 107 118 78 64 25 127 3 133 82 56 -1
19 86 2 149 13 79 7 54 9 111 144 131 119 146 118 116 19 23 101 21 145 44 34 102 -1
20 127 82 81 38 120 29 25 43 146 31 56 6 35 150 58 83 144 114 53 118 121 16 55 10 107 19 129 117 148 50 92 34 -1
21 72 142 23 117 75 38 129 76 99 4 137 28 87 123 96 109 1 44 40 83 68 95 132 69 143 54 18 136 -1
22 147 129 90 9 115 131 26 55 25 105 15 78 139 69 27 4 -1
23 141 61 33 148 36 59 3 40 62 35 37 104 58 99 124 70 31 48 27 117 134 52 18 41 138 132 46 -1
24 133 72 41 19 48 91 116 52 118 134 125 1 15 -1
25 88 17 34 139 15 121 98 -1
26 110 97 96 36 54 75 128 5 140 50 64 61 71 102 116 92 38 -1
27 73 19 143 104 81 5 124 113 116 26 76 138 47 37 53 68 -1
28 57 72 12 141 62 64 27 50 75 137 53 67 71 21 143 139 84 133 138 76 114 -1
29 5 117 145 34 125 28 49 105 137 126 14 32 -1
30 124 71 81 72 25 59 100 83 70 26 73 28 19 79 90 110 5 142 53 123 9 114 134 60 143 35 55 132 80 -1
31 57 140 11 21 1 96 135 126 127 47 42 56 95 69 138 -1
32 6 38 75 91 79 59 43 66 -1
33 78 27 11 60 56 24 42 34 107 141 143 114 66 52 1 139 2 -1
34 98 83 100 107 16 32 74 72 45 118 117 106 78 41 119 133 33 82 48 25 123 136 95 104 52 129 30 60 12 79 -1
35 119 4 135 117 30 146 106 144 26 101 143 64 150 122 -1
36 39 50 109 106 1 56 76 83 26 127 79 68 40 136 10 -1
37 128 66 76 16 138 24 111 3 91 27 90 50 17 67 147 62 103 108 84 101 64 68 145 86 92 102 42 126 11 -1
38 92 30 27 126 87 107 31 52 46 142 118 45 21 121 44 140 99 106 28 89 110 145 100 19 -1
39 87 39 116 133 35 103 -1
40 88 70 67 150 59 72 102 110 77 117 108 124 85 126 -1
41 6 4 103 71 67 7 25 60 114 74 35 -1
42 38 34 18 52 65 88 133 21 6 149 147 135 47 62 40 45 137 67 73 -1
43 97 38 60 82 105 17 31 56 45 72 94 21 83 -1
44 123 56 124 33 118 91 114 15 11 6 29 2 43 65 58 60 85 20 93 24 -1
45 74 29 111 146 3 120 104 -1
46 111 131 35 23 18 76 6 11 51 109 57 21 95 103 112 43 44 59 -1
47 76 135 88 49 85 6 110 45 59 38 91 8 29 26 13 74 28 95 114 132 97 82 102 9 62 117 113 118 129 107 -1
48 132 24 59 74 106 128 71 2 39 63 117 118 7 50 11 20 85 3 21 86 42 -1
49 149 111 143 12 148 18 36 97 34 100 124 26 139 112 7 120 10 24 42 146 49 44 145 29 63 98 -1
50 14 22 115 122 -1
-1
